gridtype= curvilinear
gridsize= 2320
xsize= 40
ysize= 58

#Longitudes 
xvals = 
107.5 
112.5 
117.5 
122.5 
127.5 
132.5 
137.5 
142.5 
147.5 
152.5 
157.5 
162.5 
167.5 
172.5 
177.5 
182.5 
187.5 
192.5 
197.5 
202.5 
207.5 
212.5 
217.5 
222.5 
227.5 
232.5 
237.5 
242.5 
247.5 
252.5 
257.5 
262.5 
267.5 
272.5 
277.5 
282.5 
287.5 
292.5 
297.5 
302.5 
107.5 
112.5 
117.5 
122.5 
127.5 
132.5 
137.5 
142.5 
147.5 
152.5 
157.5 
162.5 
167.5 
172.5 
177.5 
182.5 
187.5 
192.5 
197.5 
202.5 
207.5 
212.5 
217.5 
222.5 
227.5 
232.5 
237.5 
242.5 
247.5 
252.5 
257.5 
262.5 
267.5 
272.5 
277.5 
282.5 
287.5 
292.5 
297.5 
302.5 
107.5 
112.5 
117.5 
122.5 
127.5 
132.5 
137.5 
142.5 
147.5 
152.5 
157.5 
162.5 
167.5 
172.5 
177.5 
182.5 
187.5 
192.5 
197.5 
202.5 
207.5 
212.5 
217.5 
222.5 
227.5 
232.5 
237.5 
242.5 
247.5 
252.5 
257.5 
262.5 
267.5 
272.5 
277.5 
282.5 
287.5 
292.5 
297.5 
302.5 
107.5 
112.5 
117.5 
122.5 
127.5 
132.5 
137.5 
142.5 
147.5 
152.5 
157.5 
162.5 
167.5 
172.5 
177.5 
182.5 
187.5 
192.5 
197.5 
202.5 
207.5 
212.5 
217.5 
222.5 
227.5 
232.5 
237.5 
242.5 
247.5 
252.5 
257.5 
262.5 
267.5 
272.5 
277.5 
282.5 
287.5 
292.5 
297.5 
302.5 
107.5 
112.5 
117.5 
122.5 
127.5 
132.5 
137.5 
142.5 
147.5 
152.5 
157.5 
162.5 
167.5 
172.5 
177.5 
182.5 
187.5 
192.5 
197.5 
202.5 
207.5 
212.5 
217.5 
222.5 
227.5 
232.5 
237.5 
242.5 
247.5 
252.5 
257.5 
262.5 
267.5 
272.5 
277.5 
282.5 
287.5 
292.5 
297.5 
302.5 
107.5 
112.5 
117.5 
122.5 
127.5 
132.5 
137.5 
142.5 
147.5 
152.5 
157.5 
162.5 
167.5 
172.5 
177.5 
182.5 
187.5 
192.5 
197.5 
202.5 
207.5 
212.5 
217.5 
222.5 
227.5 
232.5 
237.5 
242.5 
247.5 
252.5 
257.5 
262.5 
267.5 
272.5 
277.5 
282.5 
287.5 
292.5 
297.5 
302.5 
107.5 
112.5 
117.5 
122.5 
127.5 
132.5 
137.5 
142.5 
147.5 
152.5 
157.5 
162.5 
167.5 
172.5 
177.5 
182.5 
187.5 
192.5 
197.5 
202.5 
207.5 
212.5 
217.5 
222.5 
227.5 
232.5 
237.5 
242.5 
247.5 
252.5 
257.5 
262.5 
267.5 
272.5 
277.5 
282.5 
287.5 
292.5 
297.5 
302.5 
107.5 
112.5 
117.5 
122.5 
127.5 
132.5 
137.5 
142.5 
147.5 
152.5 
157.5 
162.5 
167.5 
172.5 
177.5 
182.5 
187.5 
192.5 
197.5 
202.5 
207.5 
212.5 
217.5 
222.5 
227.5 
232.5 
237.5 
242.5 
247.5 
252.5 
257.5 
262.5 
267.5 
272.5 
277.5 
282.5 
287.5 
292.5 
297.5 
302.5 
107.5 
112.5 
117.5 
122.5 
127.5 
132.5 
137.5 
142.5 
147.5 
152.5 
157.5 
162.5 
167.5 
172.5 
177.5 
182.5 
187.5 
192.5 
197.5 
202.5 
207.5 
212.5 
217.5 
222.5 
227.5 
232.5 
237.5 
242.5 
247.5 
252.5 
257.5 
262.5 
267.5 
272.5 
277.5 
282.5 
287.5 
292.5 
297.5 
302.5 
107.5 
112.5 
117.5 
122.5 
127.5 
132.5 
137.5 
142.5 
147.5 
152.5 
157.5 
162.5 
167.5 
172.5 
177.5 
182.5 
187.5 
192.5 
197.5 
202.5 
207.5 
212.5 
217.5 
222.5 
227.5 
232.5 
237.5 
242.5 
247.5 
252.5 
257.5 
262.5 
267.5 
272.5 
277.5 
282.5 
287.5 
292.5 
297.5 
302.5 
107.5 
112.5 
117.5 
122.5 
127.5 
132.5 
137.5 
142.5 
147.5 
152.5 
157.5 
162.5 
167.5 
172.5 
177.5 
182.5 
187.5 
192.5 
197.5 
202.5 
207.5 
212.5 
217.5 
222.5 
227.5 
232.5 
237.5 
242.5 
247.5 
252.5 
257.5 
262.5 
267.5 
272.5 
277.5 
282.5 
287.5 
292.5 
297.5 
302.5 
107.5 
112.5 
117.5 
122.5 
127.5 
132.5 
137.5 
142.5 
147.5 
152.5 
157.5 
162.5 
167.5 
172.5 
177.5 
182.5 
187.5 
192.5 
197.5 
202.5 
207.5 
212.5 
217.5 
222.5 
227.5 
232.5 
237.5 
242.5 
247.5 
252.5 
257.5 
262.5 
267.5 
272.5 
277.5 
282.5 
287.5 
292.5 
297.5 
302.5 
107.5 
112.5 
117.5 
122.5 
127.5 
132.5 
137.5 
142.5 
147.5 
152.5 
157.5 
162.5 
167.5 
172.5 
177.5 
182.5 
187.5 
192.5 
197.5 
202.5 
207.5 
212.5 
217.5 
222.5 
227.5 
232.5 
237.5 
242.5 
247.5 
252.5 
257.5 
262.5 
267.5 
272.5 
277.5 
282.5 
287.5 
292.5 
297.5 
302.5 
107.5 
112.5 
117.5 
122.5 
127.5 
132.5 
137.5 
142.5 
147.5 
152.5 
157.5 
162.5 
167.5 
172.5 
177.5 
182.5 
187.5 
192.5 
197.5 
202.5 
207.5 
212.5 
217.5 
222.5 
227.5 
232.5 
237.5 
242.5 
247.5 
252.5 
257.5 
262.5 
267.5 
272.5 
277.5 
282.5 
287.5 
292.5 
297.5 
302.5 
107.5 
112.5 
117.5 
122.5 
127.5 
132.5 
137.5 
142.5 
147.5 
152.5 
157.5 
162.5 
167.5 
172.5 
177.5 
182.5 
187.5 
192.5 
197.5 
202.5 
207.5 
212.5 
217.5 
222.5 
227.5 
232.5 
237.5 
242.5 
247.5 
252.5 
257.5 
262.5 
267.5 
272.5 
277.5 
282.5 
287.5 
292.5 
297.5 
302.5 
107.5 
112.5 
117.5 
122.5 
127.5 
132.5 
137.5 
142.5 
147.5 
152.5 
157.5 
162.5 
167.5 
172.5 
177.5 
182.5 
187.5 
192.5 
197.5 
202.5 
207.5 
212.5 
217.5 
222.5 
227.5 
232.5 
237.5 
242.5 
247.5 
252.5 
257.5 
262.5 
267.5 
272.5 
277.5 
282.5 
287.5 
292.5 
297.5 
302.5 
107.5 
112.5 
117.5 
122.5 
127.5 
132.5 
137.5 
142.5 
147.5 
152.5 
157.5 
162.5 
167.5 
172.5 
177.5 
182.5 
187.5 
192.5 
197.5 
202.5 
207.5 
212.5 
217.5 
222.5 
227.5 
232.5 
237.5 
242.5 
247.5 
252.5 
257.5 
262.5 
267.5 
272.5 
277.5 
282.5 
287.5 
292.5 
297.5 
302.5 
107.5 
112.5 
117.5 
122.5 
127.5 
132.5 
137.5 
142.5 
147.5 
152.5 
157.5 
162.5 
167.5 
172.5 
177.5 
182.5 
187.5 
192.5 
197.5 
202.5 
207.5 
212.5 
217.5 
222.5 
227.5 
232.5 
237.5 
242.5 
247.5 
252.5 
257.5 
262.5 
267.5 
272.5 
277.5 
282.5 
287.5 
292.5 
297.5 
302.5 
107.5 
112.5 
117.5 
122.5 
127.5 
132.5 
137.5 
142.5 
147.5 
152.5 
157.5 
162.5 
167.5 
172.5 
177.5 
182.5 
187.5 
192.5 
197.5 
202.5 
207.5 
212.5 
217.5 
222.5 
227.5 
232.5 
237.5 
242.5 
247.5 
252.5 
257.5 
262.5 
267.5 
272.5 
277.5 
282.5 
287.5 
292.5 
297.5 
302.5 
107.5 
112.5 
117.5 
122.5 
127.5 
132.5 
137.5 
142.5 
147.5 
152.5 
157.5 
162.5 
167.5 
172.5 
177.5 
182.5 
187.5 
192.5 
197.5 
202.5 
207.5 
212.5 
217.5 
222.5 
227.5 
232.5 
237.5 
242.5 
247.5 
252.5 
257.5 
262.5 
267.5 
272.5 
277.5 
282.5 
287.5 
292.5 
297.5 
302.5 
107.5 
112.5 
117.5 
122.5 
127.5 
132.5 
137.5 
142.5 
147.5 
152.5 
157.5 
162.5 
167.5 
172.5 
177.5 
182.5 
187.5 
192.5 
197.5 
202.5 
207.5 
212.5 
217.5 
222.5 
227.5 
232.5 
237.5 
242.5 
247.5 
252.5 
257.5 
262.5 
267.5 
272.5 
277.5 
282.5 
287.5 
292.5 
297.5 
302.5 
107.5 
112.5 
117.5 
122.5 
127.5 
132.5 
137.5 
142.5 
147.5 
152.5 
157.5 
162.5 
167.5 
172.5 
177.5 
182.5 
187.5 
192.5 
197.5 
202.5 
207.5 
212.5 
217.5 
222.5 
227.5 
232.5 
237.5 
242.5 
247.5 
252.5 
257.5 
262.5 
267.5 
272.5 
277.5 
282.5 
287.5 
292.5 
297.5 
302.5 
107.5 
112.5 
117.5 
122.5 
127.5 
132.5 
137.5 
142.5 
147.5 
152.5 
157.5 
162.5 
167.5 
172.5 
177.5 
182.5 
187.5 
192.5 
197.5 
202.5 
207.5 
212.5 
217.5 
222.5 
227.5 
232.5 
237.5 
242.5 
247.5 
252.5 
257.5 
262.5 
267.5 
272.5 
277.5 
282.5 
287.5 
292.5 
297.5 
302.5 
107.5 
112.5 
117.5 
122.5 
127.5 
132.5 
137.5 
142.5 
147.5 
152.5 
157.5 
162.5 
167.5 
172.5 
177.5 
182.5 
187.5 
192.5 
197.5 
202.5 
207.5 
212.5 
217.5 
222.5 
227.5 
232.5 
237.5 
242.5 
247.5 
252.5 
257.5 
262.5 
267.5 
272.5 
277.5 
282.5 
287.5 
292.5 
297.5 
302.5 
107.5 
112.5 
117.5 
122.5 
127.5 
132.5 
137.5 
142.5 
147.5 
152.5 
157.5 
162.5 
167.5 
172.5 
177.5 
182.5 
187.5 
192.5 
197.5 
202.5 
207.5 
212.5 
217.5 
222.5 
227.5 
232.5 
237.5 
242.5 
247.5 
252.5 
257.5 
262.5 
267.5 
272.5 
277.5 
282.5 
287.5 
292.5 
297.5 
302.5 
107.5 
112.5 
117.5 
122.5 
127.5 
132.5 
137.5 
142.5 
147.5 
152.5 
157.5 
162.5 
167.5 
172.5 
177.5 
182.5 
187.5 
192.5 
197.5 
202.5 
207.5 
212.5 
217.5 
222.5 
227.5 
232.5 
237.5 
242.5 
247.5 
252.5 
257.5 
262.5 
267.5 
272.5 
277.5 
282.5 
287.5 
292.5 
297.5 
302.5 
107.5 
112.5 
117.5 
122.5 
127.5 
132.5 
137.5 
142.5 
147.5 
152.5 
157.5 
162.5 
167.5 
172.5 
177.5 
182.5 
187.5 
192.5 
197.5 
202.5 
207.5 
212.5 
217.5 
222.5 
227.5 
232.5 
237.5 
242.5 
247.5 
252.5 
257.5 
262.5 
267.5 
272.5 
277.5 
282.5 
287.5 
292.5 
297.5 
302.5 
107.5 
112.5 
117.5 
122.5 
127.5 
132.5 
137.5 
142.5 
147.5 
152.5 
157.5 
162.5 
167.5 
172.5 
177.5 
182.5 
187.5 
192.5 
197.5 
202.5 
207.5 
212.5 
217.5 
222.5 
227.5 
232.5 
237.5 
242.5 
247.5 
252.5 
257.5 
262.5 
267.5 
272.5 
277.5 
282.5 
287.5 
292.5 
297.5 
302.5 
107.5 
112.5 
117.5 
122.5 
127.5 
132.5 
137.5 
142.5 
147.5 
152.5 
157.5 
162.5 
167.5 
172.5 
177.5 
182.5 
187.5 
192.5 
197.5 
202.5 
207.5 
212.5 
217.5 
222.5 
227.5 
232.5 
237.5 
242.5 
247.5 
252.5 
257.5 
262.5 
267.5 
272.5 
277.5 
282.5 
287.5 
292.5 
297.5 
302.5 
107.5 
112.5 
117.5 
122.5 
127.5 
132.5 
137.5 
142.5 
147.5 
152.5 
157.5 
162.5 
167.5 
172.5 
177.5 
182.5 
187.5 
192.5 
197.5 
202.5 
207.5 
212.5 
217.5 
222.5 
227.5 
232.5 
237.5 
242.5 
247.5 
252.5 
257.5 
262.5 
267.5 
272.5 
277.5 
282.5 
287.5 
292.5 
297.5 
302.5 
107.5 
112.5 
117.5 
122.5 
127.5 
132.5 
137.5 
142.5 
147.5 
152.5 
157.5 
162.5 
167.5 
172.5 
177.5 
182.5 
187.5 
192.5 
197.5 
202.5 
207.5 
212.5 
217.5 
222.5 
227.5 
232.5 
237.5 
242.5 
247.5 
252.5 
257.5 
262.5 
267.5 
272.5 
277.5 
282.5 
287.5 
292.5 
297.5 
302.5 
107.5 
112.5 
117.5 
122.5 
127.5 
132.5 
137.5 
142.5 
147.5 
152.5 
157.5 
162.5 
167.5 
172.5 
177.5 
182.5 
187.5 
192.5 
197.5 
202.5 
207.5 
212.5 
217.5 
222.5 
227.5 
232.5 
237.5 
242.5 
247.5 
252.5 
257.5 
262.5 
267.5 
272.5 
277.5 
282.5 
287.5 
292.5 
297.5 
302.5 
107.5 
112.5 
117.5 
122.5 
127.5 
132.5 
137.5 
142.5 
147.5 
152.5 
157.5 
162.5 
167.5 
172.5 
177.5 
182.5 
187.5 
192.5 
197.5 
202.5 
207.5 
212.5 
217.5 
222.5 
227.5 
232.5 
237.5 
242.5 
247.5 
252.5 
257.5 
262.5 
267.5 
272.5 
277.5 
282.5 
287.5 
292.5 
297.5 
302.5 
107.5 
112.5 
117.5 
122.5 
127.5 
132.5 
137.5 
142.5 
147.5 
152.5 
157.5 
162.5 
167.5 
172.5 
177.5 
182.5 
187.5 
192.5 
197.5 
202.5 
207.5 
212.5 
217.5 
222.5 
227.5 
232.5 
237.5 
242.5 
247.5 
252.5 
257.5 
262.5 
267.5 
272.5 
277.5 
282.5 
287.5 
292.5 
297.5 
302.5 
107.5 
112.5 
117.5 
122.5 
127.5 
132.5 
137.5 
142.5 
147.5 
152.5 
157.5 
162.5 
167.5 
172.5 
177.5 
182.5 
187.5 
192.5 
197.5 
202.5 
207.5 
212.5 
217.5 
222.5 
227.5 
232.5 
237.5 
242.5 
247.5 
252.5 
257.5 
262.5 
267.5 
272.5 
277.5 
282.5 
287.5 
292.5 
297.5 
302.5 
107.5 
112.5 
117.5 
122.5 
127.5 
132.5 
137.5 
142.5 
147.5 
152.5 
157.5 
162.5 
167.5 
172.5 
177.5 
182.5 
187.5 
192.5 
197.5 
202.5 
207.5 
212.5 
217.5 
222.5 
227.5 
232.5 
237.5 
242.5 
247.5 
252.5 
257.5 
262.5 
267.5 
272.5 
277.5 
282.5 
287.5 
292.5 
297.5 
302.5 
107.5 
112.5 
117.5 
122.5 
127.5 
132.5 
137.5 
142.5 
147.5 
152.5 
157.5 
162.5 
167.5 
172.5 
177.5 
182.5 
187.5 
192.5 
197.5 
202.5 
207.5 
212.5 
217.5 
222.5 
227.5 
232.5 
237.5 
242.5 
247.5 
252.5 
257.5 
262.5 
267.5 
272.5 
277.5 
282.5 
287.5 
292.5 
297.5 
302.5 
107.5 
112.5 
117.5 
122.5 
127.5 
132.5 
137.5 
142.5 
147.5 
152.5 
157.5 
162.5 
167.5 
172.5 
177.5 
182.5 
187.5 
192.5 
197.5 
202.5 
207.5 
212.5 
217.5 
222.5 
227.5 
232.5 
237.5 
242.5 
247.5 
252.5 
257.5 
262.5 
267.5 
272.5 
277.5 
282.5 
287.5 
292.5 
297.5 
302.5 
107.5 
112.5 
117.5 
122.5 
127.5 
132.5 
137.5 
142.5 
147.5 
152.5 
157.5 
162.5 
167.5 
172.5 
177.5 
182.5 
187.5 
192.5 
197.5 
202.5 
207.5 
212.5 
217.5 
222.5 
227.5 
232.5 
237.5 
242.5 
247.5 
252.5 
257.5 
262.5 
267.5 
272.5 
277.5 
282.5 
287.5 
292.5 
297.5 
302.5 
107.5 
112.5 
117.5 
122.5 
127.5 
132.5 
137.5 
142.5 
147.5 
152.5 
157.5 
162.5 
167.5 
172.5 
177.5 
182.5 
187.5 
192.5 
197.5 
202.5 
207.5 
212.5 
217.5 
222.5 
227.5 
232.5 
237.5 
242.5 
247.5 
252.5 
257.5 
262.5 
267.5 
272.5 
277.5 
282.5 
287.5 
292.5 
297.5 
302.5 
107.5 
112.5 
117.5 
122.5 
127.5 
132.5 
137.5 
142.5 
147.5 
152.5 
157.5 
162.5 
167.5 
172.5 
177.5 
182.5 
187.5 
192.5 
197.5 
202.5 
207.5 
212.5 
217.5 
222.5 
227.5 
232.5 
237.5 
242.5 
247.5 
252.5 
257.5 
262.5 
267.5 
272.5 
277.5 
282.5 
287.5 
292.5 
297.5 
302.5 
107.5 
112.5 
117.5 
122.5 
127.5 
132.5 
137.5 
142.5 
147.5 
152.5 
157.5 
162.5 
167.5 
172.5 
177.5 
182.5 
187.5 
192.5 
197.5 
202.5 
207.5 
212.5 
217.5 
222.5 
227.5 
232.5 
237.5 
242.5 
247.5 
252.5 
257.5 
262.5 
267.5 
272.5 
277.5 
282.5 
287.5 
292.5 
297.5 
302.5 
107.5 
112.5 
117.5 
122.5 
127.5 
132.5 
137.5 
142.5 
147.5 
152.5 
157.5 
162.5 
167.5 
172.5 
177.5 
182.5 
187.5 
192.5 
197.5 
202.5 
207.5 
212.5 
217.5 
222.5 
227.5 
232.5 
237.5 
242.5 
247.5 
252.5 
257.5 
262.5 
267.5 
272.5 
277.5 
282.5 
287.5 
292.5 
297.5 
302.5 
107.5 
112.5 
117.5 
122.5 
127.5 
132.5 
137.5 
142.5 
147.5 
152.5 
157.5 
162.5 
167.5 
172.5 
177.5 
182.5 
187.5 
192.5 
197.5 
202.5 
207.5 
212.5 
217.5 
222.5 
227.5 
232.5 
237.5 
242.5 
247.5 
252.5 
257.5 
262.5 
267.5 
272.5 
277.5 
282.5 
287.5 
292.5 
297.5 
302.5 
107.5 
112.5 
117.5 
122.5 
127.5 
132.5 
137.5 
142.5 
147.5 
152.5 
157.5 
162.5 
167.5 
172.5 
177.5 
182.5 
187.5 
192.5 
197.5 
202.5 
207.5 
212.5 
217.5 
222.5 
227.5 
232.5 
237.5 
242.5 
247.5 
252.5 
257.5 
262.5 
267.5 
272.5 
277.5 
282.5 
287.5 
292.5 
297.5 
302.5 
107.5 
112.5 
117.5 
122.5 
127.5 
132.5 
137.5 
142.5 
147.5 
152.5 
157.5 
162.5 
167.5 
172.5 
177.5 
182.5 
187.5 
192.5 
197.5 
202.5 
207.5 
212.5 
217.5 
222.5 
227.5 
232.5 
237.5 
242.5 
247.5 
252.5 
257.5 
262.5 
267.5 
272.5 
277.5 
282.5 
287.5 
292.5 
297.5 
302.5 
107.5 
112.5 
117.5 
122.5 
127.5 
132.5 
137.5 
142.5 
147.5 
152.5 
157.5 
162.5 
167.5 
172.5 
177.5 
182.5 
187.5 
192.5 
197.5 
202.5 
207.5 
212.5 
217.5 
222.5 
227.5 
232.5 
237.5 
242.5 
247.5 
252.5 
257.5 
262.5 
267.5 
272.5 
277.5 
282.5 
287.5 
292.5 
297.5 
302.5 
107.5 
112.5 
117.5 
122.5 
127.5 
132.5 
137.5 
142.5 
147.5 
152.5 
157.5 
162.5 
167.5 
172.5 
177.5 
182.5 
187.5 
192.5 
197.5 
202.5 
207.5 
212.5 
217.5 
222.5 
227.5 
232.5 
237.5 
242.5 
247.5 
252.5 
257.5 
262.5 
267.5 
272.5 
277.5 
282.5 
287.5 
292.5 
297.5 
302.5 
107.5 
112.5 
117.5 
122.5 
127.5 
132.5 
137.5 
142.5 
147.5 
152.5 
157.5 
162.5 
167.5 
172.5 
177.5 
182.5 
187.5 
192.5 
197.5 
202.5 
207.5 
212.5 
217.5 
222.5 
227.5 
232.5 
237.5 
242.5 
247.5 
252.5 
257.5 
262.5 
267.5 
272.5 
277.5 
282.5 
287.5 
292.5 
297.5 
302.5 
107.5 
112.5 
117.5 
122.5 
127.5 
132.5 
137.5 
142.5 
147.5 
152.5 
157.5 
162.5 
167.5 
172.5 
177.5 
182.5 
187.5 
192.5 
197.5 
202.5 
207.5 
212.5 
217.5 
222.5 
227.5 
232.5 
237.5 
242.5 
247.5 
252.5 
257.5 
262.5 
267.5 
272.5 
277.5 
282.5 
287.5 
292.5 
297.5 
302.5 
107.5 
112.5 
117.5 
122.5 
127.5 
132.5 
137.5 
142.5 
147.5 
152.5 
157.5 
162.5 
167.5 
172.5 
177.5 
182.5 
187.5 
192.5 
197.5 
202.5 
207.5 
212.5 
217.5 
222.5 
227.5 
232.5 
237.5 
242.5 
247.5 
252.5 
257.5 
262.5 
267.5 
272.5 
277.5 
282.5 
287.5 
292.5 
297.5 
302.5 
107.5 
112.5 
117.5 
122.5 
127.5 
132.5 
137.5 
142.5 
147.5 
152.5 
157.5 
162.5 
167.5 
172.5 
177.5 
182.5 
187.5 
192.5 
197.5 
202.5 
207.5 
212.5 
217.5 
222.5 
227.5 
232.5 
237.5 
242.5 
247.5 
252.5 
257.5 
262.5 
267.5 
272.5 
277.5 
282.5 
287.5 
292.5 
297.5 
302.5 
107.5 
112.5 
117.5 
122.5 
127.5 
132.5 
137.5 
142.5 
147.5 
152.5 
157.5 
162.5 
167.5 
172.5 
177.5 
182.5 
187.5 
192.5 
197.5 
202.5 
207.5 
212.5 
217.5 
222.5 
227.5 
232.5 
237.5 
242.5 
247.5 
252.5 
257.5 
262.5 
267.5 
272.5 
277.5 
282.5 
287.5 
292.5 
297.5 
302.5 
107.5 
112.5 
117.5 
122.5 
127.5 
132.5 
137.5 
142.5 
147.5 
152.5 
157.5 
162.5 
167.5 
172.5 
177.5 
182.5 
187.5 
192.5 
197.5 
202.5 
207.5 
212.5 
217.5 
222.5 
227.5 
232.5 
237.5 
242.5 
247.5 
252.5 
257.5 
262.5 
267.5 
272.5 
277.5 
282.5 
287.5 
292.5 
297.5 
302.5 
107.5 
112.5 
117.5 
122.5 
127.5 
132.5 
137.5 
142.5 
147.5 
152.5 
157.5 
162.5 
167.5 
172.5 
177.5 
182.5 
187.5 
192.5 
197.5 
202.5 
207.5 
212.5 
217.5 
222.5 
227.5 
232.5 
237.5 
242.5 
247.5 
252.5 
257.5 
262.5 
267.5 
272.5 
277.5 
282.5 
287.5 
292.5 
297.5 
302.5 
107.5 
112.5 
117.5 
122.5 
127.5 
132.5 
137.5 
142.5 
147.5 
152.5 
157.5 
162.5 
167.5 
172.5 
177.5 
182.5 
187.5 
192.5 
197.5 
202.5 
207.5 
212.5 
217.5 
222.5 
227.5 
232.5 
237.5 
242.5 
247.5 
252.5 
257.5 
262.5 
267.5 
272.5 
277.5 
282.5 
287.5 
292.5 
297.5 
302.5 
107.5 
112.5 
117.5 
122.5 
127.5 
132.5 
137.5 
142.5 
147.5 
152.5 
157.5 
162.5 
167.5 
172.5 
177.5 
182.5 
187.5 
192.5 
197.5 
202.5 
207.5 
212.5 
217.5 
222.5 
227.5 
232.5 
237.5 
242.5 
247.5 
252.5 
257.5 
262.5 
267.5 
272.5 
277.5 
282.5 
287.5 
292.5 
297.5 
302.5 
107.5 
112.5 
117.5 
122.5 
127.5 
132.5 
137.5 
142.5 
147.5 
152.5 
157.5 
162.5 
167.5 
172.5 
177.5 
182.5 
187.5 
192.5 
197.5 
202.5 
207.5 
212.5 
217.5 
222.5 
227.5 
232.5 
237.5 
242.5 
247.5 
252.5 
257.5 
262.5 
267.5 
272.5 
277.5 
282.5 
287.5 
292.5 
297.5 
302.5 
#Latitudes 
yvals = 
-31.0 
-31.0 
-31.0 
-31.0 
-31.0 
-31.0 
-31.0 
-31.0 
-31.0 
-31.0 
-31.0 
-31.0 
-31.0 
-31.0 
-31.0 
-31.0 
-31.0 
-31.0 
-31.0 
-31.0 
-31.0 
-31.0 
-31.0 
-31.0 
-31.0 
-31.0 
-31.0 
-31.0 
-31.0 
-31.0 
-31.0 
-31.0 
-31.0 
-31.0 
-31.0 
-31.0 
-31.0 
-31.0 
-31.0 
-31.0 
-29.912280701754387 
-29.912280701754387 
-29.912280701754387 
-29.912280701754387 
-29.912280701754387 
-29.912280701754387 
-29.912280701754387 
-29.912280701754387 
-29.912280701754387 
-29.912280701754387 
-29.912280701754387 
-29.912280701754387 
-29.912280701754387 
-29.912280701754387 
-29.912280701754387 
-29.912280701754387 
-29.912280701754387 
-29.912280701754387 
-29.912280701754387 
-29.912280701754387 
-29.912280701754387 
-29.912280701754387 
-29.912280701754387 
-29.912280701754387 
-29.912280701754387 
-29.912280701754387 
-29.912280701754387 
-29.912280701754387 
-29.912280701754387 
-29.912280701754387 
-29.912280701754387 
-29.912280701754387 
-29.912280701754387 
-29.912280701754387 
-29.912280701754387 
-29.912280701754387 
-29.912280701754387 
-29.912280701754387 
-29.912280701754387 
-29.912280701754387 
-28.82456140350877 
-28.82456140350877 
-28.82456140350877 
-28.82456140350877 
-28.82456140350877 
-28.82456140350877 
-28.82456140350877 
-28.82456140350877 
-28.82456140350877 
-28.82456140350877 
-28.82456140350877 
-28.82456140350877 
-28.82456140350877 
-28.82456140350877 
-28.82456140350877 
-28.82456140350877 
-28.82456140350877 
-28.82456140350877 
-28.82456140350877 
-28.82456140350877 
-28.82456140350877 
-28.82456140350877 
-28.82456140350877 
-28.82456140350877 
-28.82456140350877 
-28.82456140350877 
-28.82456140350877 
-28.82456140350877 
-28.82456140350877 
-28.82456140350877 
-28.82456140350877 
-28.82456140350877 
-28.82456140350877 
-28.82456140350877 
-28.82456140350877 
-28.82456140350877 
-28.82456140350877 
-28.82456140350877 
-28.82456140350877 
-28.82456140350877 
-27.736842105263158 
-27.736842105263158 
-27.736842105263158 
-27.736842105263158 
-27.736842105263158 
-27.736842105263158 
-27.736842105263158 
-27.736842105263158 
-27.736842105263158 
-27.736842105263158 
-27.736842105263158 
-27.736842105263158 
-27.736842105263158 
-27.736842105263158 
-27.736842105263158 
-27.736842105263158 
-27.736842105263158 
-27.736842105263158 
-27.736842105263158 
-27.736842105263158 
-27.736842105263158 
-27.736842105263158 
-27.736842105263158 
-27.736842105263158 
-27.736842105263158 
-27.736842105263158 
-27.736842105263158 
-27.736842105263158 
-27.736842105263158 
-27.736842105263158 
-27.736842105263158 
-27.736842105263158 
-27.736842105263158 
-27.736842105263158 
-27.736842105263158 
-27.736842105263158 
-27.736842105263158 
-27.736842105263158 
-27.736842105263158 
-27.736842105263158 
-26.649122807017545 
-26.649122807017545 
-26.649122807017545 
-26.649122807017545 
-26.649122807017545 
-26.649122807017545 
-26.649122807017545 
-26.649122807017545 
-26.649122807017545 
-26.649122807017545 
-26.649122807017545 
-26.649122807017545 
-26.649122807017545 
-26.649122807017545 
-26.649122807017545 
-26.649122807017545 
-26.649122807017545 
-26.649122807017545 
-26.649122807017545 
-26.649122807017545 
-26.649122807017545 
-26.649122807017545 
-26.649122807017545 
-26.649122807017545 
-26.649122807017545 
-26.649122807017545 
-26.649122807017545 
-26.649122807017545 
-26.649122807017545 
-26.649122807017545 
-26.649122807017545 
-26.649122807017545 
-26.649122807017545 
-26.649122807017545 
-26.649122807017545 
-26.649122807017545 
-26.649122807017545 
-26.649122807017545 
-26.649122807017545 
-26.649122807017545 
-25.56140350877193 
-25.56140350877193 
-25.56140350877193 
-25.56140350877193 
-25.56140350877193 
-25.56140350877193 
-25.56140350877193 
-25.56140350877193 
-25.56140350877193 
-25.56140350877193 
-25.56140350877193 
-25.56140350877193 
-25.56140350877193 
-25.56140350877193 
-25.56140350877193 
-25.56140350877193 
-25.56140350877193 
-25.56140350877193 
-25.56140350877193 
-25.56140350877193 
-25.56140350877193 
-25.56140350877193 
-25.56140350877193 
-25.56140350877193 
-25.56140350877193 
-25.56140350877193 
-25.56140350877193 
-25.56140350877193 
-25.56140350877193 
-25.56140350877193 
-25.56140350877193 
-25.56140350877193 
-25.56140350877193 
-25.56140350877193 
-25.56140350877193 
-25.56140350877193 
-25.56140350877193 
-25.56140350877193 
-25.56140350877193 
-25.56140350877193 
-24.473684210526315 
-24.473684210526315 
-24.473684210526315 
-24.473684210526315 
-24.473684210526315 
-24.473684210526315 
-24.473684210526315 
-24.473684210526315 
-24.473684210526315 
-24.473684210526315 
-24.473684210526315 
-24.473684210526315 
-24.473684210526315 
-24.473684210526315 
-24.473684210526315 
-24.473684210526315 
-24.473684210526315 
-24.473684210526315 
-24.473684210526315 
-24.473684210526315 
-24.473684210526315 
-24.473684210526315 
-24.473684210526315 
-24.473684210526315 
-24.473684210526315 
-24.473684210526315 
-24.473684210526315 
-24.473684210526315 
-24.473684210526315 
-24.473684210526315 
-24.473684210526315 
-24.473684210526315 
-24.473684210526315 
-24.473684210526315 
-24.473684210526315 
-24.473684210526315 
-24.473684210526315 
-24.473684210526315 
-24.473684210526315 
-24.473684210526315 
-23.385964912280702 
-23.385964912280702 
-23.385964912280702 
-23.385964912280702 
-23.385964912280702 
-23.385964912280702 
-23.385964912280702 
-23.385964912280702 
-23.385964912280702 
-23.385964912280702 
-23.385964912280702 
-23.385964912280702 
-23.385964912280702 
-23.385964912280702 
-23.385964912280702 
-23.385964912280702 
-23.385964912280702 
-23.385964912280702 
-23.385964912280702 
-23.385964912280702 
-23.385964912280702 
-23.385964912280702 
-23.385964912280702 
-23.385964912280702 
-23.385964912280702 
-23.385964912280702 
-23.385964912280702 
-23.385964912280702 
-23.385964912280702 
-23.385964912280702 
-23.385964912280702 
-23.385964912280702 
-23.385964912280702 
-23.385964912280702 
-23.385964912280702 
-23.385964912280702 
-23.385964912280702 
-23.385964912280702 
-23.385964912280702 
-23.385964912280702 
-22.29824561403509 
-22.29824561403509 
-22.29824561403509 
-22.29824561403509 
-22.29824561403509 
-22.29824561403509 
-22.29824561403509 
-22.29824561403509 
-22.29824561403509 
-22.29824561403509 
-22.29824561403509 
-22.29824561403509 
-22.29824561403509 
-22.29824561403509 
-22.29824561403509 
-22.29824561403509 
-22.29824561403509 
-22.29824561403509 
-22.29824561403509 
-22.29824561403509 
-22.29824561403509 
-22.29824561403509 
-22.29824561403509 
-22.29824561403509 
-22.29824561403509 
-22.29824561403509 
-22.29824561403509 
-22.29824561403509 
-22.29824561403509 
-22.29824561403509 
-22.29824561403509 
-22.29824561403509 
-22.29824561403509 
-22.29824561403509 
-22.29824561403509 
-22.29824561403509 
-22.29824561403509 
-22.29824561403509 
-22.29824561403509 
-22.29824561403509 
-21.210526315789473 
-21.210526315789473 
-21.210526315789473 
-21.210526315789473 
-21.210526315789473 
-21.210526315789473 
-21.210526315789473 
-21.210526315789473 
-21.210526315789473 
-21.210526315789473 
-21.210526315789473 
-21.210526315789473 
-21.210526315789473 
-21.210526315789473 
-21.210526315789473 
-21.210526315789473 
-21.210526315789473 
-21.210526315789473 
-21.210526315789473 
-21.210526315789473 
-21.210526315789473 
-21.210526315789473 
-21.210526315789473 
-21.210526315789473 
-21.210526315789473 
-21.210526315789473 
-21.210526315789473 
-21.210526315789473 
-21.210526315789473 
-21.210526315789473 
-21.210526315789473 
-21.210526315789473 
-21.210526315789473 
-21.210526315789473 
-21.210526315789473 
-21.210526315789473 
-21.210526315789473 
-21.210526315789473 
-21.210526315789473 
-21.210526315789473 
-20.12280701754386 
-20.12280701754386 
-20.12280701754386 
-20.12280701754386 
-20.12280701754386 
-20.12280701754386 
-20.12280701754386 
-20.12280701754386 
-20.12280701754386 
-20.12280701754386 
-20.12280701754386 
-20.12280701754386 
-20.12280701754386 
-20.12280701754386 
-20.12280701754386 
-20.12280701754386 
-20.12280701754386 
-20.12280701754386 
-20.12280701754386 
-20.12280701754386 
-20.12280701754386 
-20.12280701754386 
-20.12280701754386 
-20.12280701754386 
-20.12280701754386 
-20.12280701754386 
-20.12280701754386 
-20.12280701754386 
-20.12280701754386 
-20.12280701754386 
-20.12280701754386 
-20.12280701754386 
-20.12280701754386 
-20.12280701754386 
-20.12280701754386 
-20.12280701754386 
-20.12280701754386 
-20.12280701754386 
-20.12280701754386 
-20.12280701754386 
-19.035087719298247 
-19.035087719298247 
-19.035087719298247 
-19.035087719298247 
-19.035087719298247 
-19.035087719298247 
-19.035087719298247 
-19.035087719298247 
-19.035087719298247 
-19.035087719298247 
-19.035087719298247 
-19.035087719298247 
-19.035087719298247 
-19.035087719298247 
-19.035087719298247 
-19.035087719298247 
-19.035087719298247 
-19.035087719298247 
-19.035087719298247 
-19.035087719298247 
-19.035087719298247 
-19.035087719298247 
-19.035087719298247 
-19.035087719298247 
-19.035087719298247 
-19.035087719298247 
-19.035087719298247 
-19.035087719298247 
-19.035087719298247 
-19.035087719298247 
-19.035087719298247 
-19.035087719298247 
-19.035087719298247 
-19.035087719298247 
-19.035087719298247 
-19.035087719298247 
-19.035087719298247 
-19.035087719298247 
-19.035087719298247 
-19.035087719298247 
-17.94736842105263 
-17.94736842105263 
-17.94736842105263 
-17.94736842105263 
-17.94736842105263 
-17.94736842105263 
-17.94736842105263 
-17.94736842105263 
-17.94736842105263 
-17.94736842105263 
-17.94736842105263 
-17.94736842105263 
-17.94736842105263 
-17.94736842105263 
-17.94736842105263 
-17.94736842105263 
-17.94736842105263 
-17.94736842105263 
-17.94736842105263 
-17.94736842105263 
-17.94736842105263 
-17.94736842105263 
-17.94736842105263 
-17.94736842105263 
-17.94736842105263 
-17.94736842105263 
-17.94736842105263 
-17.94736842105263 
-17.94736842105263 
-17.94736842105263 
-17.94736842105263 
-17.94736842105263 
-17.94736842105263 
-17.94736842105263 
-17.94736842105263 
-17.94736842105263 
-17.94736842105263 
-17.94736842105263 
-17.94736842105263 
-17.94736842105263 
-16.859649122807017 
-16.859649122807017 
-16.859649122807017 
-16.859649122807017 
-16.859649122807017 
-16.859649122807017 
-16.859649122807017 
-16.859649122807017 
-16.859649122807017 
-16.859649122807017 
-16.859649122807017 
-16.859649122807017 
-16.859649122807017 
-16.859649122807017 
-16.859649122807017 
-16.859649122807017 
-16.859649122807017 
-16.859649122807017 
-16.859649122807017 
-16.859649122807017 
-16.859649122807017 
-16.859649122807017 
-16.859649122807017 
-16.859649122807017 
-16.859649122807017 
-16.859649122807017 
-16.859649122807017 
-16.859649122807017 
-16.859649122807017 
-16.859649122807017 
-16.859649122807017 
-16.859649122807017 
-16.859649122807017 
-16.859649122807017 
-16.859649122807017 
-16.859649122807017 
-16.859649122807017 
-16.859649122807017 
-16.859649122807017 
-16.859649122807017 
-15.771929824561402 
-15.771929824561402 
-15.771929824561402 
-15.771929824561402 
-15.771929824561402 
-15.771929824561402 
-15.771929824561402 
-15.771929824561402 
-15.771929824561402 
-15.771929824561402 
-15.771929824561402 
-15.771929824561402 
-15.771929824561402 
-15.771929824561402 
-15.771929824561402 
-15.771929824561402 
-15.771929824561402 
-15.771929824561402 
-15.771929824561402 
-15.771929824561402 
-15.771929824561402 
-15.771929824561402 
-15.771929824561402 
-15.771929824561402 
-15.771929824561402 
-15.771929824561402 
-15.771929824561402 
-15.771929824561402 
-15.771929824561402 
-15.771929824561402 
-15.771929824561402 
-15.771929824561402 
-15.771929824561402 
-15.771929824561402 
-15.771929824561402 
-15.771929824561402 
-15.771929824561402 
-15.771929824561402 
-15.771929824561402 
-15.771929824561402 
-14.684210526315788 
-14.684210526315788 
-14.684210526315788 
-14.684210526315788 
-14.684210526315788 
-14.684210526315788 
-14.684210526315788 
-14.684210526315788 
-14.684210526315788 
-14.684210526315788 
-14.684210526315788 
-14.684210526315788 
-14.684210526315788 
-14.684210526315788 
-14.684210526315788 
-14.684210526315788 
-14.684210526315788 
-14.684210526315788 
-14.684210526315788 
-14.684210526315788 
-14.684210526315788 
-14.684210526315788 
-14.684210526315788 
-14.684210526315788 
-14.684210526315788 
-14.684210526315788 
-14.684210526315788 
-14.684210526315788 
-14.684210526315788 
-14.684210526315788 
-14.684210526315788 
-14.684210526315788 
-14.684210526315788 
-14.684210526315788 
-14.684210526315788 
-14.684210526315788 
-14.684210526315788 
-14.684210526315788 
-14.684210526315788 
-14.684210526315788 
-13.596491228070175 
-13.596491228070175 
-13.596491228070175 
-13.596491228070175 
-13.596491228070175 
-13.596491228070175 
-13.596491228070175 
-13.596491228070175 
-13.596491228070175 
-13.596491228070175 
-13.596491228070175 
-13.596491228070175 
-13.596491228070175 
-13.596491228070175 
-13.596491228070175 
-13.596491228070175 
-13.596491228070175 
-13.596491228070175 
-13.596491228070175 
-13.596491228070175 
-13.596491228070175 
-13.596491228070175 
-13.596491228070175 
-13.596491228070175 
-13.596491228070175 
-13.596491228070175 
-13.596491228070175 
-13.596491228070175 
-13.596491228070175 
-13.596491228070175 
-13.596491228070175 
-13.596491228070175 
-13.596491228070175 
-13.596491228070175 
-13.596491228070175 
-13.596491228070175 
-13.596491228070175 
-13.596491228070175 
-13.596491228070175 
-13.596491228070175 
-12.508771929824562 
-12.508771929824562 
-12.508771929824562 
-12.508771929824562 
-12.508771929824562 
-12.508771929824562 
-12.508771929824562 
-12.508771929824562 
-12.508771929824562 
-12.508771929824562 
-12.508771929824562 
-12.508771929824562 
-12.508771929824562 
-12.508771929824562 
-12.508771929824562 
-12.508771929824562 
-12.508771929824562 
-12.508771929824562 
-12.508771929824562 
-12.508771929824562 
-12.508771929824562 
-12.508771929824562 
-12.508771929824562 
-12.508771929824562 
-12.508771929824562 
-12.508771929824562 
-12.508771929824562 
-12.508771929824562 
-12.508771929824562 
-12.508771929824562 
-12.508771929824562 
-12.508771929824562 
-12.508771929824562 
-12.508771929824562 
-12.508771929824562 
-12.508771929824562 
-12.508771929824562 
-12.508771929824562 
-12.508771929824562 
-12.508771929824562 
-11.421052631578945 
-11.421052631578945 
-11.421052631578945 
-11.421052631578945 
-11.421052631578945 
-11.421052631578945 
-11.421052631578945 
-11.421052631578945 
-11.421052631578945 
-11.421052631578945 
-11.421052631578945 
-11.421052631578945 
-11.421052631578945 
-11.421052631578945 
-11.421052631578945 
-11.421052631578945 
-11.421052631578945 
-11.421052631578945 
-11.421052631578945 
-11.421052631578945 
-11.421052631578945 
-11.421052631578945 
-11.421052631578945 
-11.421052631578945 
-11.421052631578945 
-11.421052631578945 
-11.421052631578945 
-11.421052631578945 
-11.421052631578945 
-11.421052631578945 
-11.421052631578945 
-11.421052631578945 
-11.421052631578945 
-11.421052631578945 
-11.421052631578945 
-11.421052631578945 
-11.421052631578945 
-11.421052631578945 
-11.421052631578945 
-11.421052631578945 
-10.333333333333332 
-10.333333333333332 
-10.333333333333332 
-10.333333333333332 
-10.333333333333332 
-10.333333333333332 
-10.333333333333332 
-10.333333333333332 
-10.333333333333332 
-10.333333333333332 
-10.333333333333332 
-10.333333333333332 
-10.333333333333332 
-10.333333333333332 
-10.333333333333332 
-10.333333333333332 
-10.333333333333332 
-10.333333333333332 
-10.333333333333332 
-10.333333333333332 
-10.333333333333332 
-10.333333333333332 
-10.333333333333332 
-10.333333333333332 
-10.333333333333332 
-10.333333333333332 
-10.333333333333332 
-10.333333333333332 
-10.333333333333332 
-10.333333333333332 
-10.333333333333332 
-10.333333333333332 
-10.333333333333332 
-10.333333333333332 
-10.333333333333332 
-10.333333333333332 
-10.333333333333332 
-10.333333333333332 
-10.333333333333332 
-10.333333333333332 
-9.24561403508772 
-9.24561403508772 
-9.24561403508772 
-9.24561403508772 
-9.24561403508772 
-9.24561403508772 
-9.24561403508772 
-9.24561403508772 
-9.24561403508772 
-9.24561403508772 
-9.24561403508772 
-9.24561403508772 
-9.24561403508772 
-9.24561403508772 
-9.24561403508772 
-9.24561403508772 
-9.24561403508772 
-9.24561403508772 
-9.24561403508772 
-9.24561403508772 
-9.24561403508772 
-9.24561403508772 
-9.24561403508772 
-9.24561403508772 
-9.24561403508772 
-9.24561403508772 
-9.24561403508772 
-9.24561403508772 
-9.24561403508772 
-9.24561403508772 
-9.24561403508772 
-9.24561403508772 
-9.24561403508772 
-9.24561403508772 
-9.24561403508772 
-9.24561403508772 
-9.24561403508772 
-9.24561403508772 
-9.24561403508772 
-9.24561403508772 
-8.157894736842103 
-8.157894736842103 
-8.157894736842103 
-8.157894736842103 
-8.157894736842103 
-8.157894736842103 
-8.157894736842103 
-8.157894736842103 
-8.157894736842103 
-8.157894736842103 
-8.157894736842103 
-8.157894736842103 
-8.157894736842103 
-8.157894736842103 
-8.157894736842103 
-8.157894736842103 
-8.157894736842103 
-8.157894736842103 
-8.157894736842103 
-8.157894736842103 
-8.157894736842103 
-8.157894736842103 
-8.157894736842103 
-8.157894736842103 
-8.157894736842103 
-8.157894736842103 
-8.157894736842103 
-8.157894736842103 
-8.157894736842103 
-8.157894736842103 
-8.157894736842103 
-8.157894736842103 
-8.157894736842103 
-8.157894736842103 
-8.157894736842103 
-8.157894736842103 
-8.157894736842103 
-8.157894736842103 
-8.157894736842103 
-8.157894736842103 
-7.07017543859649 
-7.07017543859649 
-7.07017543859649 
-7.07017543859649 
-7.07017543859649 
-7.07017543859649 
-7.07017543859649 
-7.07017543859649 
-7.07017543859649 
-7.07017543859649 
-7.07017543859649 
-7.07017543859649 
-7.07017543859649 
-7.07017543859649 
-7.07017543859649 
-7.07017543859649 
-7.07017543859649 
-7.07017543859649 
-7.07017543859649 
-7.07017543859649 
-7.07017543859649 
-7.07017543859649 
-7.07017543859649 
-7.07017543859649 
-7.07017543859649 
-7.07017543859649 
-7.07017543859649 
-7.07017543859649 
-7.07017543859649 
-7.07017543859649 
-7.07017543859649 
-7.07017543859649 
-7.07017543859649 
-7.07017543859649 
-7.07017543859649 
-7.07017543859649 
-7.07017543859649 
-7.07017543859649 
-7.07017543859649 
-7.07017543859649 
-5.982456140350877 
-5.982456140350877 
-5.982456140350877 
-5.982456140350877 
-5.982456140350877 
-5.982456140350877 
-5.982456140350877 
-5.982456140350877 
-5.982456140350877 
-5.982456140350877 
-5.982456140350877 
-5.982456140350877 
-5.982456140350877 
-5.982456140350877 
-5.982456140350877 
-5.982456140350877 
-5.982456140350877 
-5.982456140350877 
-5.982456140350877 
-5.982456140350877 
-5.982456140350877 
-5.982456140350877 
-5.982456140350877 
-5.982456140350877 
-5.982456140350877 
-5.982456140350877 
-5.982456140350877 
-5.982456140350877 
-5.982456140350877 
-5.982456140350877 
-5.982456140350877 
-5.982456140350877 
-5.982456140350877 
-5.982456140350877 
-5.982456140350877 
-5.982456140350877 
-5.982456140350877 
-5.982456140350877 
-5.982456140350877 
-5.982456140350877 
-4.89473684210526 
-4.89473684210526 
-4.89473684210526 
-4.89473684210526 
-4.89473684210526 
-4.89473684210526 
-4.89473684210526 
-4.89473684210526 
-4.89473684210526 
-4.89473684210526 
-4.89473684210526 
-4.89473684210526 
-4.89473684210526 
-4.89473684210526 
-4.89473684210526 
-4.89473684210526 
-4.89473684210526 
-4.89473684210526 
-4.89473684210526 
-4.89473684210526 
-4.89473684210526 
-4.89473684210526 
-4.89473684210526 
-4.89473684210526 
-4.89473684210526 
-4.89473684210526 
-4.89473684210526 
-4.89473684210526 
-4.89473684210526 
-4.89473684210526 
-4.89473684210526 
-4.89473684210526 
-4.89473684210526 
-4.89473684210526 
-4.89473684210526 
-4.89473684210526 
-4.89473684210526 
-4.89473684210526 
-4.89473684210526 
-4.89473684210526 
-3.807017543859647 
-3.807017543859647 
-3.807017543859647 
-3.807017543859647 
-3.807017543859647 
-3.807017543859647 
-3.807017543859647 
-3.807017543859647 
-3.807017543859647 
-3.807017543859647 
-3.807017543859647 
-3.807017543859647 
-3.807017543859647 
-3.807017543859647 
-3.807017543859647 
-3.807017543859647 
-3.807017543859647 
-3.807017543859647 
-3.807017543859647 
-3.807017543859647 
-3.807017543859647 
-3.807017543859647 
-3.807017543859647 
-3.807017543859647 
-3.807017543859647 
-3.807017543859647 
-3.807017543859647 
-3.807017543859647 
-3.807017543859647 
-3.807017543859647 
-3.807017543859647 
-3.807017543859647 
-3.807017543859647 
-3.807017543859647 
-3.807017543859647 
-3.807017543859647 
-3.807017543859647 
-3.807017543859647 
-3.807017543859647 
-3.807017543859647 
-2.719298245614034 
-2.719298245614034 
-2.719298245614034 
-2.719298245614034 
-2.719298245614034 
-2.719298245614034 
-2.719298245614034 
-2.719298245614034 
-2.719298245614034 
-2.719298245614034 
-2.719298245614034 
-2.719298245614034 
-2.719298245614034 
-2.719298245614034 
-2.719298245614034 
-2.719298245614034 
-2.719298245614034 
-2.719298245614034 
-2.719298245614034 
-2.719298245614034 
-2.719298245614034 
-2.719298245614034 
-2.719298245614034 
-2.719298245614034 
-2.719298245614034 
-2.719298245614034 
-2.719298245614034 
-2.719298245614034 
-2.719298245614034 
-2.719298245614034 
-2.719298245614034 
-2.719298245614034 
-2.719298245614034 
-2.719298245614034 
-2.719298245614034 
-2.719298245614034 
-2.719298245614034 
-2.719298245614034 
-2.719298245614034 
-2.719298245614034 
-1.6315789473684212 
-1.6315789473684212 
-1.6315789473684212 
-1.6315789473684212 
-1.6315789473684212 
-1.6315789473684212 
-1.6315789473684212 
-1.6315789473684212 
-1.6315789473684212 
-1.6315789473684212 
-1.6315789473684212 
-1.6315789473684212 
-1.6315789473684212 
-1.6315789473684212 
-1.6315789473684212 
-1.6315789473684212 
-1.6315789473684212 
-1.6315789473684212 
-1.6315789473684212 
-1.6315789473684212 
-1.6315789473684212 
-1.6315789473684212 
-1.6315789473684212 
-1.6315789473684212 
-1.6315789473684212 
-1.6315789473684212 
-1.6315789473684212 
-1.6315789473684212 
-1.6315789473684212 
-1.6315789473684212 
-1.6315789473684212 
-1.6315789473684212 
-1.6315789473684212 
-1.6315789473684212 
-1.6315789473684212 
-1.6315789473684212 
-1.6315789473684212 
-1.6315789473684212 
-1.6315789473684212 
-1.6315789473684212 
-0.5438596491228047 
-0.5438596491228047 
-0.5438596491228047 
-0.5438596491228047 
-0.5438596491228047 
-0.5438596491228047 
-0.5438596491228047 
-0.5438596491228047 
-0.5438596491228047 
-0.5438596491228047 
-0.5438596491228047 
-0.5438596491228047 
-0.5438596491228047 
-0.5438596491228047 
-0.5438596491228047 
-0.5438596491228047 
-0.5438596491228047 
-0.5438596491228047 
-0.5438596491228047 
-0.5438596491228047 
-0.5438596491228047 
-0.5438596491228047 
-0.5438596491228047 
-0.5438596491228047 
-0.5438596491228047 
-0.5438596491228047 
-0.5438596491228047 
-0.5438596491228047 
-0.5438596491228047 
-0.5438596491228047 
-0.5438596491228047 
-0.5438596491228047 
-0.5438596491228047 
-0.5438596491228047 
-0.5438596491228047 
-0.5438596491228047 
-0.5438596491228047 
-0.5438596491228047 
-0.5438596491228047 
-0.5438596491228047 
0.5438596491228083 
0.5438596491228083 
0.5438596491228083 
0.5438596491228083 
0.5438596491228083 
0.5438596491228083 
0.5438596491228083 
0.5438596491228083 
0.5438596491228083 
0.5438596491228083 
0.5438596491228083 
0.5438596491228083 
0.5438596491228083 
0.5438596491228083 
0.5438596491228083 
0.5438596491228083 
0.5438596491228083 
0.5438596491228083 
0.5438596491228083 
0.5438596491228083 
0.5438596491228083 
0.5438596491228083 
0.5438596491228083 
0.5438596491228083 
0.5438596491228083 
0.5438596491228083 
0.5438596491228083 
0.5438596491228083 
0.5438596491228083 
0.5438596491228083 
0.5438596491228083 
0.5438596491228083 
0.5438596491228083 
0.5438596491228083 
0.5438596491228083 
0.5438596491228083 
0.5438596491228083 
0.5438596491228083 
0.5438596491228083 
0.5438596491228083 
1.6315789473684248 
1.6315789473684248 
1.6315789473684248 
1.6315789473684248 
1.6315789473684248 
1.6315789473684248 
1.6315789473684248 
1.6315789473684248 
1.6315789473684248 
1.6315789473684248 
1.6315789473684248 
1.6315789473684248 
1.6315789473684248 
1.6315789473684248 
1.6315789473684248 
1.6315789473684248 
1.6315789473684248 
1.6315789473684248 
1.6315789473684248 
1.6315789473684248 
1.6315789473684248 
1.6315789473684248 
1.6315789473684248 
1.6315789473684248 
1.6315789473684248 
1.6315789473684248 
1.6315789473684248 
1.6315789473684248 
1.6315789473684248 
1.6315789473684248 
1.6315789473684248 
1.6315789473684248 
1.6315789473684248 
1.6315789473684248 
1.6315789473684248 
1.6315789473684248 
1.6315789473684248 
1.6315789473684248 
1.6315789473684248 
1.6315789473684248 
2.719298245614034 
2.719298245614034 
2.719298245614034 
2.719298245614034 
2.719298245614034 
2.719298245614034 
2.719298245614034 
2.719298245614034 
2.719298245614034 
2.719298245614034 
2.719298245614034 
2.719298245614034 
2.719298245614034 
2.719298245614034 
2.719298245614034 
2.719298245614034 
2.719298245614034 
2.719298245614034 
2.719298245614034 
2.719298245614034 
2.719298245614034 
2.719298245614034 
2.719298245614034 
2.719298245614034 
2.719298245614034 
2.719298245614034 
2.719298245614034 
2.719298245614034 
2.719298245614034 
2.719298245614034 
2.719298245614034 
2.719298245614034 
2.719298245614034 
2.719298245614034 
2.719298245614034 
2.719298245614034 
2.719298245614034 
2.719298245614034 
2.719298245614034 
2.719298245614034 
3.8070175438596507 
3.8070175438596507 
3.8070175438596507 
3.8070175438596507 
3.8070175438596507 
3.8070175438596507 
3.8070175438596507 
3.8070175438596507 
3.8070175438596507 
3.8070175438596507 
3.8070175438596507 
3.8070175438596507 
3.8070175438596507 
3.8070175438596507 
3.8070175438596507 
3.8070175438596507 
3.8070175438596507 
3.8070175438596507 
3.8070175438596507 
3.8070175438596507 
3.8070175438596507 
3.8070175438596507 
3.8070175438596507 
3.8070175438596507 
3.8070175438596507 
3.8070175438596507 
3.8070175438596507 
3.8070175438596507 
3.8070175438596507 
3.8070175438596507 
3.8070175438596507 
3.8070175438596507 
3.8070175438596507 
3.8070175438596507 
3.8070175438596507 
3.8070175438596507 
3.8070175438596507 
3.8070175438596507 
3.8070175438596507 
3.8070175438596507 
4.894736842105267 
4.894736842105267 
4.894736842105267 
4.894736842105267 
4.894736842105267 
4.894736842105267 
4.894736842105267 
4.894736842105267 
4.894736842105267 
4.894736842105267 
4.894736842105267 
4.894736842105267 
4.894736842105267 
4.894736842105267 
4.894736842105267 
4.894736842105267 
4.894736842105267 
4.894736842105267 
4.894736842105267 
4.894736842105267 
4.894736842105267 
4.894736842105267 
4.894736842105267 
4.894736842105267 
4.894736842105267 
4.894736842105267 
4.894736842105267 
4.894736842105267 
4.894736842105267 
4.894736842105267 
4.894736842105267 
4.894736842105267 
4.894736842105267 
4.894736842105267 
4.894736842105267 
4.894736842105267 
4.894736842105267 
4.894736842105267 
4.894736842105267 
4.894736842105267 
5.982456140350877 
5.982456140350877 
5.982456140350877 
5.982456140350877 
5.982456140350877 
5.982456140350877 
5.982456140350877 
5.982456140350877 
5.982456140350877 
5.982456140350877 
5.982456140350877 
5.982456140350877 
5.982456140350877 
5.982456140350877 
5.982456140350877 
5.982456140350877 
5.982456140350877 
5.982456140350877 
5.982456140350877 
5.982456140350877 
5.982456140350877 
5.982456140350877 
5.982456140350877 
5.982456140350877 
5.982456140350877 
5.982456140350877 
5.982456140350877 
5.982456140350877 
5.982456140350877 
5.982456140350877 
5.982456140350877 
5.982456140350877 
5.982456140350877 
5.982456140350877 
5.982456140350877 
5.982456140350877 
5.982456140350877 
5.982456140350877 
5.982456140350877 
5.982456140350877 
7.070175438596493 
7.070175438596493 
7.070175438596493 
7.070175438596493 
7.070175438596493 
7.070175438596493 
7.070175438596493 
7.070175438596493 
7.070175438596493 
7.070175438596493 
7.070175438596493 
7.070175438596493 
7.070175438596493 
7.070175438596493 
7.070175438596493 
7.070175438596493 
7.070175438596493 
7.070175438596493 
7.070175438596493 
7.070175438596493 
7.070175438596493 
7.070175438596493 
7.070175438596493 
7.070175438596493 
7.070175438596493 
7.070175438596493 
7.070175438596493 
7.070175438596493 
7.070175438596493 
7.070175438596493 
7.070175438596493 
7.070175438596493 
7.070175438596493 
7.070175438596493 
7.070175438596493 
7.070175438596493 
7.070175438596493 
7.070175438596493 
7.070175438596493 
7.070175438596493 
8.15789473684211 
8.15789473684211 
8.15789473684211 
8.15789473684211 
8.15789473684211 
8.15789473684211 
8.15789473684211 
8.15789473684211 
8.15789473684211 
8.15789473684211 
8.15789473684211 
8.15789473684211 
8.15789473684211 
8.15789473684211 
8.15789473684211 
8.15789473684211 
8.15789473684211 
8.15789473684211 
8.15789473684211 
8.15789473684211 
8.15789473684211 
8.15789473684211 
8.15789473684211 
8.15789473684211 
8.15789473684211 
8.15789473684211 
8.15789473684211 
8.15789473684211 
8.15789473684211 
8.15789473684211 
8.15789473684211 
8.15789473684211 
8.15789473684211 
8.15789473684211 
8.15789473684211 
8.15789473684211 
8.15789473684211 
8.15789473684211 
8.15789473684211 
8.15789473684211 
9.24561403508772 
9.24561403508772 
9.24561403508772 
9.24561403508772 
9.24561403508772 
9.24561403508772 
9.24561403508772 
9.24561403508772 
9.24561403508772 
9.24561403508772 
9.24561403508772 
9.24561403508772 
9.24561403508772 
9.24561403508772 
9.24561403508772 
9.24561403508772 
9.24561403508772 
9.24561403508772 
9.24561403508772 
9.24561403508772 
9.24561403508772 
9.24561403508772 
9.24561403508772 
9.24561403508772 
9.24561403508772 
9.24561403508772 
9.24561403508772 
9.24561403508772 
9.24561403508772 
9.24561403508772 
9.24561403508772 
9.24561403508772 
9.24561403508772 
9.24561403508772 
9.24561403508772 
9.24561403508772 
9.24561403508772 
9.24561403508772 
9.24561403508772 
9.24561403508772 
10.333333333333336 
10.333333333333336 
10.333333333333336 
10.333333333333336 
10.333333333333336 
10.333333333333336 
10.333333333333336 
10.333333333333336 
10.333333333333336 
10.333333333333336 
10.333333333333336 
10.333333333333336 
10.333333333333336 
10.333333333333336 
10.333333333333336 
10.333333333333336 
10.333333333333336 
10.333333333333336 
10.333333333333336 
10.333333333333336 
10.333333333333336 
10.333333333333336 
10.333333333333336 
10.333333333333336 
10.333333333333336 
10.333333333333336 
10.333333333333336 
10.333333333333336 
10.333333333333336 
10.333333333333336 
10.333333333333336 
10.333333333333336 
10.333333333333336 
10.333333333333336 
10.333333333333336 
10.333333333333336 
10.333333333333336 
10.333333333333336 
10.333333333333336 
10.333333333333336 
11.421052631578952 
11.421052631578952 
11.421052631578952 
11.421052631578952 
11.421052631578952 
11.421052631578952 
11.421052631578952 
11.421052631578952 
11.421052631578952 
11.421052631578952 
11.421052631578952 
11.421052631578952 
11.421052631578952 
11.421052631578952 
11.421052631578952 
11.421052631578952 
11.421052631578952 
11.421052631578952 
11.421052631578952 
11.421052631578952 
11.421052631578952 
11.421052631578952 
11.421052631578952 
11.421052631578952 
11.421052631578952 
11.421052631578952 
11.421052631578952 
11.421052631578952 
11.421052631578952 
11.421052631578952 
11.421052631578952 
11.421052631578952 
11.421052631578952 
11.421052631578952 
11.421052631578952 
11.421052631578952 
11.421052631578952 
11.421052631578952 
11.421052631578952 
11.421052631578952 
12.508771929824562 
12.508771929824562 
12.508771929824562 
12.508771929824562 
12.508771929824562 
12.508771929824562 
12.508771929824562 
12.508771929824562 
12.508771929824562 
12.508771929824562 
12.508771929824562 
12.508771929824562 
12.508771929824562 
12.508771929824562 
12.508771929824562 
12.508771929824562 
12.508771929824562 
12.508771929824562 
12.508771929824562 
12.508771929824562 
12.508771929824562 
12.508771929824562 
12.508771929824562 
12.508771929824562 
12.508771929824562 
12.508771929824562 
12.508771929824562 
12.508771929824562 
12.508771929824562 
12.508771929824562 
12.508771929824562 
12.508771929824562 
12.508771929824562 
12.508771929824562 
12.508771929824562 
12.508771929824562 
12.508771929824562 
12.508771929824562 
12.508771929824562 
12.508771929824562 
13.596491228070178 
13.596491228070178 
13.596491228070178 
13.596491228070178 
13.596491228070178 
13.596491228070178 
13.596491228070178 
13.596491228070178 
13.596491228070178 
13.596491228070178 
13.596491228070178 
13.596491228070178 
13.596491228070178 
13.596491228070178 
13.596491228070178 
13.596491228070178 
13.596491228070178 
13.596491228070178 
13.596491228070178 
13.596491228070178 
13.596491228070178 
13.596491228070178 
13.596491228070178 
13.596491228070178 
13.596491228070178 
13.596491228070178 
13.596491228070178 
13.596491228070178 
13.596491228070178 
13.596491228070178 
13.596491228070178 
13.596491228070178 
13.596491228070178 
13.596491228070178 
13.596491228070178 
13.596491228070178 
13.596491228070178 
13.596491228070178 
13.596491228070178 
13.596491228070178 
14.684210526315795 
14.684210526315795 
14.684210526315795 
14.684210526315795 
14.684210526315795 
14.684210526315795 
14.684210526315795 
14.684210526315795 
14.684210526315795 
14.684210526315795 
14.684210526315795 
14.684210526315795 
14.684210526315795 
14.684210526315795 
14.684210526315795 
14.684210526315795 
14.684210526315795 
14.684210526315795 
14.684210526315795 
14.684210526315795 
14.684210526315795 
14.684210526315795 
14.684210526315795 
14.684210526315795 
14.684210526315795 
14.684210526315795 
14.684210526315795 
14.684210526315795 
14.684210526315795 
14.684210526315795 
14.684210526315795 
14.684210526315795 
14.684210526315795 
14.684210526315795 
14.684210526315795 
14.684210526315795 
14.684210526315795 
14.684210526315795 
14.684210526315795 
14.684210526315795 
15.771929824561404 
15.771929824561404 
15.771929824561404 
15.771929824561404 
15.771929824561404 
15.771929824561404 
15.771929824561404 
15.771929824561404 
15.771929824561404 
15.771929824561404 
15.771929824561404 
15.771929824561404 
15.771929824561404 
15.771929824561404 
15.771929824561404 
15.771929824561404 
15.771929824561404 
15.771929824561404 
15.771929824561404 
15.771929824561404 
15.771929824561404 
15.771929824561404 
15.771929824561404 
15.771929824561404 
15.771929824561404 
15.771929824561404 
15.771929824561404 
15.771929824561404 
15.771929824561404 
15.771929824561404 
15.771929824561404 
15.771929824561404 
15.771929824561404 
15.771929824561404 
15.771929824561404 
15.771929824561404 
15.771929824561404 
15.771929824561404 
15.771929824561404 
15.771929824561404 
16.85964912280702 
16.85964912280702 
16.85964912280702 
16.85964912280702 
16.85964912280702 
16.85964912280702 
16.85964912280702 
16.85964912280702 
16.85964912280702 
16.85964912280702 
16.85964912280702 
16.85964912280702 
16.85964912280702 
16.85964912280702 
16.85964912280702 
16.85964912280702 
16.85964912280702 
16.85964912280702 
16.85964912280702 
16.85964912280702 
16.85964912280702 
16.85964912280702 
16.85964912280702 
16.85964912280702 
16.85964912280702 
16.85964912280702 
16.85964912280702 
16.85964912280702 
16.85964912280702 
16.85964912280702 
16.85964912280702 
16.85964912280702 
16.85964912280702 
16.85964912280702 
16.85964912280702 
16.85964912280702 
16.85964912280702 
16.85964912280702 
16.85964912280702 
16.85964912280702 
17.947368421052637 
17.947368421052637 
17.947368421052637 
17.947368421052637 
17.947368421052637 
17.947368421052637 
17.947368421052637 
17.947368421052637 
17.947368421052637 
17.947368421052637 
17.947368421052637 
17.947368421052637 
17.947368421052637 
17.947368421052637 
17.947368421052637 
17.947368421052637 
17.947368421052637 
17.947368421052637 
17.947368421052637 
17.947368421052637 
17.947368421052637 
17.947368421052637 
17.947368421052637 
17.947368421052637 
17.947368421052637 
17.947368421052637 
17.947368421052637 
17.947368421052637 
17.947368421052637 
17.947368421052637 
17.947368421052637 
17.947368421052637 
17.947368421052637 
17.947368421052637 
17.947368421052637 
17.947368421052637 
17.947368421052637 
17.947368421052637 
17.947368421052637 
17.947368421052637 
19.035087719298247 
19.035087719298247 
19.035087719298247 
19.035087719298247 
19.035087719298247 
19.035087719298247 
19.035087719298247 
19.035087719298247 
19.035087719298247 
19.035087719298247 
19.035087719298247 
19.035087719298247 
19.035087719298247 
19.035087719298247 
19.035087719298247 
19.035087719298247 
19.035087719298247 
19.035087719298247 
19.035087719298247 
19.035087719298247 
19.035087719298247 
19.035087719298247 
19.035087719298247 
19.035087719298247 
19.035087719298247 
19.035087719298247 
19.035087719298247 
19.035087719298247 
19.035087719298247 
19.035087719298247 
19.035087719298247 
19.035087719298247 
19.035087719298247 
19.035087719298247 
19.035087719298247 
19.035087719298247 
19.035087719298247 
19.035087719298247 
19.035087719298247 
19.035087719298247 
20.122807017543863 
20.122807017543863 
20.122807017543863 
20.122807017543863 
20.122807017543863 
20.122807017543863 
20.122807017543863 
20.122807017543863 
20.122807017543863 
20.122807017543863 
20.122807017543863 
20.122807017543863 
20.122807017543863 
20.122807017543863 
20.122807017543863 
20.122807017543863 
20.122807017543863 
20.122807017543863 
20.122807017543863 
20.122807017543863 
20.122807017543863 
20.122807017543863 
20.122807017543863 
20.122807017543863 
20.122807017543863 
20.122807017543863 
20.122807017543863 
20.122807017543863 
20.122807017543863 
20.122807017543863 
20.122807017543863 
20.122807017543863 
20.122807017543863 
20.122807017543863 
20.122807017543863 
20.122807017543863 
20.122807017543863 
20.122807017543863 
20.122807017543863 
20.122807017543863 
21.21052631578948 
21.21052631578948 
21.21052631578948 
21.21052631578948 
21.21052631578948 
21.21052631578948 
21.21052631578948 
21.21052631578948 
21.21052631578948 
21.21052631578948 
21.21052631578948 
21.21052631578948 
21.21052631578948 
21.21052631578948 
21.21052631578948 
21.21052631578948 
21.21052631578948 
21.21052631578948 
21.21052631578948 
21.21052631578948 
21.21052631578948 
21.21052631578948 
21.21052631578948 
21.21052631578948 
21.21052631578948 
21.21052631578948 
21.21052631578948 
21.21052631578948 
21.21052631578948 
21.21052631578948 
21.21052631578948 
21.21052631578948 
21.21052631578948 
21.21052631578948 
21.21052631578948 
21.21052631578948 
21.21052631578948 
21.21052631578948 
21.21052631578948 
21.21052631578948 
22.29824561403509 
22.29824561403509 
22.29824561403509 
22.29824561403509 
22.29824561403509 
22.29824561403509 
22.29824561403509 
22.29824561403509 
22.29824561403509 
22.29824561403509 
22.29824561403509 
22.29824561403509 
22.29824561403509 
22.29824561403509 
22.29824561403509 
22.29824561403509 
22.29824561403509 
22.29824561403509 
22.29824561403509 
22.29824561403509 
22.29824561403509 
22.29824561403509 
22.29824561403509 
22.29824561403509 
22.29824561403509 
22.29824561403509 
22.29824561403509 
22.29824561403509 
22.29824561403509 
22.29824561403509 
22.29824561403509 
22.29824561403509 
22.29824561403509 
22.29824561403509 
22.29824561403509 
22.29824561403509 
22.29824561403509 
22.29824561403509 
22.29824561403509 
22.29824561403509 
23.385964912280706 
23.385964912280706 
23.385964912280706 
23.385964912280706 
23.385964912280706 
23.385964912280706 
23.385964912280706 
23.385964912280706 
23.385964912280706 
23.385964912280706 
23.385964912280706 
23.385964912280706 
23.385964912280706 
23.385964912280706 
23.385964912280706 
23.385964912280706 
23.385964912280706 
23.385964912280706 
23.385964912280706 
23.385964912280706 
23.385964912280706 
23.385964912280706 
23.385964912280706 
23.385964912280706 
23.385964912280706 
23.385964912280706 
23.385964912280706 
23.385964912280706 
23.385964912280706 
23.385964912280706 
23.385964912280706 
23.385964912280706 
23.385964912280706 
23.385964912280706 
23.385964912280706 
23.385964912280706 
23.385964912280706 
23.385964912280706 
23.385964912280706 
23.385964912280706 
24.473684210526315 
24.473684210526315 
24.473684210526315 
24.473684210526315 
24.473684210526315 
24.473684210526315 
24.473684210526315 
24.473684210526315 
24.473684210526315 
24.473684210526315 
24.473684210526315 
24.473684210526315 
24.473684210526315 
24.473684210526315 
24.473684210526315 
24.473684210526315 
24.473684210526315 
24.473684210526315 
24.473684210526315 
24.473684210526315 
24.473684210526315 
24.473684210526315 
24.473684210526315 
24.473684210526315 
24.473684210526315 
24.473684210526315 
24.473684210526315 
24.473684210526315 
24.473684210526315 
24.473684210526315 
24.473684210526315 
24.473684210526315 
24.473684210526315 
24.473684210526315 
24.473684210526315 
24.473684210526315 
24.473684210526315 
24.473684210526315 
24.473684210526315 
24.473684210526315 
25.56140350877193 
25.56140350877193 
25.56140350877193 
25.56140350877193 
25.56140350877193 
25.56140350877193 
25.56140350877193 
25.56140350877193 
25.56140350877193 
25.56140350877193 
25.56140350877193 
25.56140350877193 
25.56140350877193 
25.56140350877193 
25.56140350877193 
25.56140350877193 
25.56140350877193 
25.56140350877193 
25.56140350877193 
25.56140350877193 
25.56140350877193 
25.56140350877193 
25.56140350877193 
25.56140350877193 
25.56140350877193 
25.56140350877193 
25.56140350877193 
25.56140350877193 
25.56140350877193 
25.56140350877193 
25.56140350877193 
25.56140350877193 
25.56140350877193 
25.56140350877193 
25.56140350877193 
25.56140350877193 
25.56140350877193 
25.56140350877193 
25.56140350877193 
25.56140350877193 
26.649122807017548 
26.649122807017548 
26.649122807017548 
26.649122807017548 
26.649122807017548 
26.649122807017548 
26.649122807017548 
26.649122807017548 
26.649122807017548 
26.649122807017548 
26.649122807017548 
26.649122807017548 
26.649122807017548 
26.649122807017548 
26.649122807017548 
26.649122807017548 
26.649122807017548 
26.649122807017548 
26.649122807017548 
26.649122807017548 
26.649122807017548 
26.649122807017548 
26.649122807017548 
26.649122807017548 
26.649122807017548 
26.649122807017548 
26.649122807017548 
26.649122807017548 
26.649122807017548 
26.649122807017548 
26.649122807017548 
26.649122807017548 
26.649122807017548 
26.649122807017548 
26.649122807017548 
26.649122807017548 
26.649122807017548 
26.649122807017548 
26.649122807017548 
26.649122807017548 
27.736842105263158 
27.736842105263158 
27.736842105263158 
27.736842105263158 
27.736842105263158 
27.736842105263158 
27.736842105263158 
27.736842105263158 
27.736842105263158 
27.736842105263158 
27.736842105263158 
27.736842105263158 
27.736842105263158 
27.736842105263158 
27.736842105263158 
27.736842105263158 
27.736842105263158 
27.736842105263158 
27.736842105263158 
27.736842105263158 
27.736842105263158 
27.736842105263158 
27.736842105263158 
27.736842105263158 
27.736842105263158 
27.736842105263158 
27.736842105263158 
27.736842105263158 
27.736842105263158 
27.736842105263158 
27.736842105263158 
27.736842105263158 
27.736842105263158 
27.736842105263158 
27.736842105263158 
27.736842105263158 
27.736842105263158 
27.736842105263158 
27.736842105263158 
27.736842105263158 
28.824561403508774 
28.824561403508774 
28.824561403508774 
28.824561403508774 
28.824561403508774 
28.824561403508774 
28.824561403508774 
28.824561403508774 
28.824561403508774 
28.824561403508774 
28.824561403508774 
28.824561403508774 
28.824561403508774 
28.824561403508774 
28.824561403508774 
28.824561403508774 
28.824561403508774 
28.824561403508774 
28.824561403508774 
28.824561403508774 
28.824561403508774 
28.824561403508774 
28.824561403508774 
28.824561403508774 
28.824561403508774 
28.824561403508774 
28.824561403508774 
28.824561403508774 
28.824561403508774 
28.824561403508774 
28.824561403508774 
28.824561403508774 
28.824561403508774 
28.824561403508774 
28.824561403508774 
28.824561403508774 
28.824561403508774 
28.824561403508774 
28.824561403508774 
28.824561403508774 
29.91228070175439 
29.91228070175439 
29.91228070175439 
29.91228070175439 
29.91228070175439 
29.91228070175439 
29.91228070175439 
29.91228070175439 
29.91228070175439 
29.91228070175439 
29.91228070175439 
29.91228070175439 
29.91228070175439 
29.91228070175439 
29.91228070175439 
29.91228070175439 
29.91228070175439 
29.91228070175439 
29.91228070175439 
29.91228070175439 
29.91228070175439 
29.91228070175439 
29.91228070175439 
29.91228070175439 
29.91228070175439 
29.91228070175439 
29.91228070175439 
29.91228070175439 
29.91228070175439 
29.91228070175439 
29.91228070175439 
29.91228070175439 
29.91228070175439 
29.91228070175439 
29.91228070175439 
29.91228070175439 
29.91228070175439 
29.91228070175439 
29.91228070175439 
29.91228070175439 
31.0 
31.0 
31.0 
31.0 
31.0 
31.0 
31.0 
31.0 
31.0 
31.0 
31.0 
31.0 
31.0 
31.0 
31.0 
31.0 
31.0 
31.0 
31.0 
31.0 
31.0 
31.0 
31.0 
31.0 
31.0 
31.0 
31.0 
31.0 
31.0 
31.0 
31.0 
31.0 
31.0 
31.0 
31.0 
31.0 
31.0 
31.0 
31.0 
31.0 
